60
113
151
154
579
fabian,624
lovera,580
233
221
200
226
231
478
648
501
466
325
405
297
600
598
242
271
208
505
176
21
2
2
2
22
21
22
325
22
2
2
2
2
2
2
2
2
2
2
2
2
2
2
2
2
2
2
2
2
2
2
2
2
2
2
2
2
2
2
2
2
2
2
2
2
2
2
22
25
2
2
2
2
2
2
2
25
1499
227
583
583
261
248
820
247
278
216
227
616
611
2302
750
357
127
129
21
21
490
648
98
262
768
801
2314
200
588
541
209
745
222
202
70
199
214
82
305
226
181
284
14
1
1
1
1
1
1
1
1
286
1
1320
29
175
471
1
1
1
1
1
1
1
215
84
1
1
1
191
342
177
138
308
1
1
1
1
1
1
1
1
199
274
251
30
1
274
31
1
1
1
1
1
1
1
76
43
15
54
1022
40
82
75
68
97
184
82
1
252
1
286
